dr5ry3^[40.74619674682617|-73.89667510986328, 40.74616241455078|-73.89921569824219, 40.746185302734375|-73.89640045166016, 40.74618148803711|-73.89649200439453, 40.745384216308594|-73.90351104736328, 40.74623107910156|-73.90306854248047, 40.746482849121094|-73.8961181640625, 40.7464485168457|-73.8963851928711, 40.74531555175781|-73.90345764160156, 40.74544143676758|-73.90349578857422]
dr5ry9^[40.746456146240234|-73.89114379882812, 40.74755859375|-73.88382720947266, 40.74663162231445|-73.89154815673828, 40.74703598022461|-73.88848876953125, 40.746978759765625|-73.89199829101562, 40.7469367980957|-73.89103698730469, 40.74702072143555|-73.8918228149414, 40.74673843383789|-73.89157104492188, 40.746551513671875|-73.89091491699219, 40.74665451049805|-73.89153289794922, 40.74693298339844|-73.890869140625, 40.744590759277344|-73.88639068603516]
dr5rz4^[40.74916458129883|-73.86979675292969, 40.75141525268555|-73.87079620361328, 40.74938201904297|-73.86859893798828, 40.749061584472656|-73.86983489990234, 40.749107360839844|-73.86859893798828, 40.75007629394531|-73.86289978027344, 40.7489013671875|-73.8718032836914, 40.7490119934082|-73.87064361572266]
dr5rxt^[40.72132110595703|-73.84429931640625, 40.72132873535156|-73.84423828125, 40.72362518310547|-73.84917449951172, 40.72111129760742|-73.84426879882812, 40.721378326416016|-73.84431457519531, 40.721534729003906|-73.84467315673828, 40.72252655029297|-73.84423828125]
dr5ryn^[40.77119827270508|-73.90811157226562, 40.77525329589844|-73.90943145751953, 40.7728271484375|-73.9107666015625, 40.775421142578125|-73.91168975830078, 40.77516174316406|-73.91410827636719, 40.775306701660156|-73.90950775146484, 40.77421188354492|-73.91299438476562]
dr5rs3^[40.7015380859375|-73.98931121826172, 40.70266342163086|-73.99188232421875, 40.701026916503906|-73.99108123779297, 40.703758239746094|-73.98655700683594, 40.70337677001953|-73.99063110351562, 40.701690673828125|-73.98674011230469, 40.699832916259766|-73.99087524414062]
dr5rk7^[40.669578552246094|-73.989501953125, 40.67119598388672|-73.98539733886719, 40.666236877441406|-73.98217010498047, 40.66885757446289|-73.98986053466797, 40.6710205078125|-73.9847412109375, 40.668941497802734|-73.98577880859375]
dr5rt5^[40.715328216552734|-73.95816802978516, 40.71380615234375|-73.95166015625, 40.71498107910156|-73.95170593261719, 40.71413040161133|-73.94929504394531, 40.71332931518555|-73.95848083496094, 40.714107513427734|-73.951904296875, 40.7137336730957|-73.94922637939453, 40.71484375|-73.95164489746094, 40.7141227722168|-73.94978332519531, 40.713584899902344|-73.95149993896484]
dr5rt7^[40.71412658691406|-73.94896697998047, 40.71458435058594|-73.9445571899414, 40.71076202392578|-73.94550323486328, 40.71415710449219|-73.94868469238281, 40.71475601196289|-73.94244384765625, 40.71474075317383|-73.9416275024414]
dr5rsg^[40.71348190307617|-73.96196746826172, 40.71131896972656|-73.9665298461914, 40.713050842285156|-73.96639251708984, 40.7105827331543|-73.96550750732422, 40.714290618896484|-73.96143341064453, 40.71220397949219|-73.96276092529297, 40.71357345581055|-73.96551513671875, 40.71259689331055|-73.96251678466797, 40.71091079711914|-73.96536254882812]
dr5rkt^[40.678001403808594|-73.98038482666016, 40.67692565917969|-73.98006439208984, 40.676963806152344|-73.98189544677734, 40.67971420288086|-73.9814682006836, 40.67805480957031|-73.97309112548828, 40.67753601074219|-73.97280883789062]
dr5rku^[40.672691345214844|-73.97034454345703, 40.67381286621094|-73.96293640136719, 40.67352294921875|-73.97075653076172, 40.67245864868164|-73.9689712524414, 40.6748046875|-73.97010803222656, 40.67314529418945|-73.96855926513672, 40.67324447631836|-73.96944427490234, 40.673648834228516|-73.96324157714844, 40.67235565185547|-73.96270751953125]
dr5rkw^[40.68441390991211|-73.98035430908203, 40.683998107910156|-73.9770736694336, 40.68354797363281|-73.97716522216797, 40.68398666381836|-73.97843933105469, 40.68277359008789|-73.97664642333984, 40.68703842163086|-73.97599029541016, 40.68282699584961|-73.97648620605469, 40.6829833984375|-73.97650146484375, 40.68611526489258|-73.97342681884766, 40.684898376464844|-73.97958374023438, 40.68284606933594|-73.97946166992188, 40.685951232910156|-73.97332763671875, 40.68736267089844|-73.97743225097656, 40.68651580810547|-73.97489166259766, 40.68310546875|-73.97679138183594, 40.68444061279297|-73.97835540771484, 40.68471145629883|-73.97772979736328, 40.687049865722656|-73.97589111328125, 40.6844596862793|-73.97787475585938]
dr5rkr^[40.690513610839844|-73.99036407470703, 40.69062423706055|-73.99198150634766, 40.69036865234375|-73.98766326904297, 40.68912887573242|-73.98477935791016, 40.690338134765625|-73.99208068847656, 40.69327163696289|-73.9903335571289, 40.690895080566406|-73.98877716064453, 40.68871307373047|-73.98906707763672, 40.69142150878906|-73.98678588867188, 40.69180679321289|-73.99195861816406]
dr5rks^[40.67610549926758|-73.97161102294922, 40.67273712158203|-73.97799682617188, 40.675472259521484|-73.97824096679688, 40.674560546875|-73.97542572021484, 40.67277145385742|-73.97115325927734, 40.67660140991211|-73.98033905029297, 40.67389678955078|-73.97798919677734, 40.67667007446289|-73.98026275634766, 40.67630386352539|-73.98051452636719, 40.67281723022461|-73.97115325927734]
dr5rth^[40.71688461303711|-73.95664978027344, 40.71767807006836|-73.95576477050781, 40.71769714355469|-73.95301818847656, 40.71916198730469|-73.95833587646484, 40.718143463134766|-73.95968627929688, 40.71683883666992|-73.94923400878906, 40.71817398071289|-73.95958709716797, 40.72016906738281|-73.9552230834961, 40.71695327758789|-73.95655822753906, 40.716819763183594|-73.95880126953125, 40.719581604003906|-73.95758056640625, 40.71674346923828|-73.95208740234375, 40.72074508666992|-73.95497131347656]
dr5rtj^[40.723175048828125|-73.95267486572266, 40.72220993041992|-73.95756530761719, 40.721866607666016|-73.9579086303711, 40.72179412841797|-73.95822143554688, 40.722328186035156|-73.95504760742188, 40.72441101074219|-73.94910430908203, 40.72417068481445|-73.9576416015625, 40.72140884399414|-73.95842742919922, 40.7234992980957|-73.95068359375, 40.72152328491211|-73.9582748413086, 40.72190856933594|-73.9578857421875, 40.7219352722168|-73.95783996582031, 40.72103500366211|-73.95530700683594, 40.72553253173828|-73.95182800292969, 40.7238883972168|-73.95088958740234, 40.721641540527344|-73.95817565917969]
dr5rvg^[40.755271911621094|-73.92225646972656, 40.75876235961914|-73.91921997070312, 40.7567024230957|-73.9254150390625, 40.75652313232422|-73.9209213256836, 40.75849151611328|-73.91934967041016, 40.75520706176758|-73.92670440673828, 40.7592658996582|-73.91875457763672, 40.75663375854492|-73.92100524902344, 40.758296966552734|-73.9175796508789, 40.756221771240234|-73.9242935180664]
dr72jh^[40.803558349609375|-73.95335388183594, 40.805641174316406|-73.95449829101562, 40.803531646728516|-73.95318603515625, 40.80461502075195|-73.95592498779297, 40.80452346801758|-73.95521545410156, 40.80550003051758|-73.9510269165039, 40.80645751953125|-73.95394134521484, 40.80335235595703|-73.95227813720703, 40.80606460571289|-73.95417785644531, 40.808109283447266|-73.9523696899414, 40.80440139770508|-73.95540618896484]
dr72jm^[40.813934326171875|-73.94837951660156, 40.81369400024414|-73.94117736816406, 40.81393814086914|-73.94486999511719, 40.80967712402344|-73.94770812988281, 40.8138313293457|-73.9401626586914, 40.808837890625|-73.94485473632812]
dr5rvu^[40.762107849121094|-73.92537689208984, 40.76173400878906|-73.92536163330078, 40.761810302734375|-73.92538452148438, 40.760562896728516|-73.92230987548828, 40.761775970458984|-73.92525482177734, 40.760562896728516|-73.92230987548828, 40.764625549316406|-73.9163589477539, 40.76191711425781|-73.9251937866211]
dr5rvv^[40.76572799682617|-73.9189224243164, 40.76669692993164|-73.92156219482422, 40.7654914855957|-73.91845703125, 40.765830993652344|-73.91912078857422, 40.76817321777344|-73.9204330444336, 40.766868591308594|-73.92122650146484]
dr72jr^[40.82431411743164|-73.94337463378906, 40.82109832763672|-73.94625854492188, 40.82143020629883|-73.94593811035156, 40.82380676269531|-73.94438171386719, 40.822750091552734|-73.94538116455078, 40.8245735168457|-73.94446563720703, 40.82469177246094|-73.94807434082031, 40.82267761230469|-73.94207000732422, 40.8201789855957|-73.94010925292969, 40.82421875|-73.944580078125]