dr5rkjz^[40.681739807128906|-73.99374389648438, 40.681522369384766|-73.99398803710938, 40.68233871459961|-73.99345397949219, 40.68171691894531|-73.99385070800781, 40.68181610107422|-73.99381256103516, 40.68223571777344|-73.99336242675781]
dr5rknp^[40.68271255493164|-73.99332427978516, 40.68238067626953|-73.99342346191406, 40.68288803100586|-73.99309539794922, 40.68239974975586|-73.99342346191406, 40.68282699584961|-73.99313354492188, 40.682674407958984|-73.99321746826172]
dr5rksc^[40.67660140991211|-73.98033905029297, 40.67667007446289|-73.98026275634766, 40.67630386352539|-73.98051452636719, 40.67619323730469|-73.97998046875, 40.67654037475586|-73.9803466796875, 40.676475524902344|-73.98041534423828, 40.67683029174805|-73.98014831542969]
dr5rkw5^[40.68354797363281|-73.97716522216797, 40.68277359008789|-73.97664642333984, 40.68282699584961|-73.97648620605469, 40.6829833984375|-73.97650146484375, 40.68310546875|-73.97679138183594, 40.68300247192383|-73.97674560546875, 40.68286895751953|-73.97676086425781, 40.68284606933594|-73.97657775878906, 40.68257141113281|-73.97755432128906]
dr5rkw6^[40.68398666381836|-73.97843933105469, 40.68444061279297|-73.97835540771484, 40.6844596862793|-73.97787475585938, 40.68397521972656|-73.97869110107422, 40.68434524536133|-73.978515625, 40.683773040771484|-73.97889709472656, 40.684608459472656|-73.9786376953125]
dr5rkyh^[40.68285369873047|-73.96472930908203, 40.683048248291016|-73.9645767211914, 40.68307876586914|-73.96495819091797, 40.683006286621094|-73.96455383300781, 40.6832275390625|-73.96482849121094, 40.682769775390625|-73.9646987915039, 40.68312454223633|-73.96495056152344, 40.6831169128418|-73.96495819091797, 40.683135986328125|-73.9649887084961, 40.68309020996094|-73.96504974365234, 40.68294906616211|-73.96472930908203]
dr5rs1x^[40.702816009521484|-73.99406433105469, 40.7027587890625|-73.99405670166016, 40.70273971557617|-73.99385833740234, 40.702842712402344|-73.994140625, 40.70238494873047|-73.99325561523438, 40.70265197753906|-73.9936752319336, 40.70247268676758|-73.99299621582031, 40.70256805419922|-73.99346923828125]
dr5rs31^[40.699832916259766|-73.99087524414062, 40.699790954589844|-73.99061584472656, 40.69979476928711|-73.99085998535156, 40.69982147216797|-73.99087524414062, 40.69997024536133|-73.99067687988281, 40.69984436035156|-73.99039459228516, 40.69982147216797|-73.99072265625, 40.69974136352539|-73.9906997680664, 40.69991683959961|-73.99114227294922, 40.6998291015625|-73.9904556274414, 40.69978332519531|-73.99053192138672, 40.69978713989258|-73.99114227294922, 40.69942855834961|-73.99127197265625, 40.69974899291992|-73.99037170410156, 40.69972229003906|-73.99116516113281]
dr5rs38^[40.70266342163086|-73.99188232421875, 40.702083587646484|-73.99243927001953, 40.70232009887695|-73.99259948730469, 40.70236587524414|-73.99242401123047, 40.70228576660156|-73.99261474609375, 40.70253372192383|-73.99275207519531, 40.701908111572266|-73.9921875, 40.702125549316406|-73.99249267578125]
dr5rsg5^[40.7105827331543|-73.96550750732422, 40.710601806640625|-73.9657974243164, 40.710548400878906|-73.966796875, 40.71117401123047|-73.96670532226562, 40.71064758300781|-73.9659652709961, 40.710750579833984|-73.96670532226562]
dr5rsge^[40.713050842285156|-73.96639251708984, 40.71357345581055|-73.96551513671875, 40.713645935058594|-73.96599578857422, 40.71271514892578|-73.96573638916016, 40.71310806274414|-73.96674346923828, 40.71369171142578|-73.96600341796875, 40.712989807128906|-73.96573638916016]
dr5rsgj^[40.71048355102539|-73.96373748779297, 40.71033477783203|-73.96322631835938, 40.710227966308594|-73.9637680053711, 40.710426330566406|-73.96369934082031, 40.7103271484375|-73.96357727050781, 40.710838317871094|-73.96349334716797, 40.7103385925293|-73.96334838867188, 40.710418701171875|-73.9635238647461, 40.711151123046875|-73.96336364746094, 40.710716247558594|-73.96366119384766, 40.70992660522461|-73.96284484863281, 40.71003723144531|-73.96284484863281, 40.71015167236328|-73.96387481689453]
dr5rsgm^[40.71220397949219|-73.96276092529297, 40.71132278442383|-73.96336364746094, 40.71208953857422|-73.96283721923828, 40.7119255065918|-73.96295166015625, 40.71177673339844|-73.9629898071289, 40.711212158203125|-73.9632568359375]
dr5rsgn^[40.70986557006836|-73.96195220947266, 40.709999084472656|-73.96253967285156, 40.70990753173828|-73.96240997314453, 40.709869384765625|-73.96160888671875, 40.71011734008789|-73.96260833740234, 40.710086822509766|-73.9625473022461, 40.7098503112793|-73.96221923828125, 40.71002960205078|-73.9624252319336, 40.710086822509766|-73.96257019042969, 40.71010208129883|-73.96260833740234, 40.71004104614258|-73.96243286132812]
dr5rsgw^[40.71348190307617|-73.96196746826172, 40.71259689331055|-73.96251678466797, 40.71330642700195|-73.96198272705078, 40.713565826416016|-73.96192169189453, 40.71329879760742|-73.96205139160156, 40.71331024169922|-73.96206665039062]
dr5rsup^[40.71562957763672|-73.96004486083984, 40.715576171875|-73.96096801757812, 40.7154426574707|-73.95999908447266, 40.71559143066406|-73.9601821899414, 40.715606689453125|-73.96116638183594, 40.71565628051758|-73.96007537841797]
dr5rt5w^[40.71380615234375|-73.95166015625, 40.713584899902344|-73.95149993896484, 40.7132453918457|-73.95037078857422, 40.71376419067383|-73.9515151977539, 40.713287353515625|-73.9515609741211, 40.71393585205078|-73.95152282714844]
dr5rt5y^[40.71498107910156|-73.95170593261719, 40.71484375|-73.95164489746094, 40.71509552001953|-73.95162200927734, 40.71512985229492|-73.95154571533203, 40.71426010131836|-73.9516372680664, 40.71455383300781|-73.95169067382812, 40.71463394165039|-73.95169830322266, 40.714698791503906|-73.95171356201172]
dr5rt5z^[40.71413040161133|-73.94929504394531, 40.7141227722168|-73.94978332519531, 40.7142219543457|-73.94940948486328, 40.714168548583984|-73.9493637084961, 40.714073181152344|-73.94952392578125, 40.714080810546875|-73.94978332519531]
dr5rt7g^[40.71458435058594|-73.9445571899414, 40.71444320678711|-73.94434356689453, 40.714534759521484|-73.944091796875, 40.71451187133789|-73.9443130493164, 40.71440505981445|-73.94435119628906, 40.71432113647461|-73.94435119628906, 40.71424102783203|-73.94434356689453, 40.71413803100586|-73.94429016113281]
dr5rth2^[40.716819763183594|-73.95880126953125, 40.716915130615234|-73.95924377441406, 40.718021392822266|-73.95951080322266, 40.71690368652344|-73.95869445800781, 40.71684265136719|-73.958740234375, 40.7168083190918|-73.9588394165039]
dr5rth3^[40.717586517333984|-73.9579849243164, 40.71787643432617|-73.95761108398438, 40.71782684326172|-73.95762634277344, 40.71795654296875|-73.9575424194336, 40.717403411865234|-73.95819091796875, 40.71760559082031|-73.95795440673828, 40.717742919921875|-73.95780944824219, 40.71773910522461|-73.95772552490234, 40.71802520751953|-73.95759582519531, 40.717735290527344|-73.95781707763672, 40.71793746948242|-73.95758819580078, 40.71720504760742|-73.95845031738281]
dr5rth6^[40.71688461303711|-73.95664978027344, 40.71695327758789|-73.95655822753906, 40.7174186706543|-73.95604705810547, 40.717262268066406|-73.95610809326172, 40.71699523925781|-73.95645904541016, 40.717262268066406|-73.95624542236328]
dr5rth9^[40.71916198730469|-73.95833587646484, 40.719146728515625|-73.95845031738281, 40.71849822998047|-73.95732116699219, 40.71907424926758|-73.95817565917969, 40.7182731628418|-73.95722961425781, 40.71906280517578|-73.95848083496094]
dr5rthd^[40.71845245361328|-73.95709228515625, 40.719215393066406|-73.95624542236328, 40.71828079223633|-73.95718383789062, 40.71895980834961|-73.95646667480469, 40.71878433227539|-73.95628356933594, 40.718379974365234|-73.95701599121094]
dr5rtj1^[40.721866607666016|-73.9579086303711, 40.72179412841797|-73.95822143554688, 40.72140884399414|-73.95842742919922, 40.72152328491211|-73.9582748413086, 40.72190856933594|-73.9578857421875, 40.7219352722168|-73.95783996582031, 40.721641540527344|-73.95817565917969, 40.72183609008789|-73.95787811279297, 40.721923828125|-73.95785522460938, 40.7214469909668|-73.9583511352539, 40.721656799316406|-73.95806884765625, 40.721988677978516|-73.95755767822266, 40.721946716308594|-73.95780944824219, 40.721893310546875|-73.95790100097656, 40.7221794128418|-73.95764923095703, 40.72200012207031|-73.95774841308594, 40.72199630737305|-73.95780181884766, 40.721832275390625|-73.95800018310547, 40.72216033935547|-73.95765686035156, 40.72176742553711|-73.9581069946289, 40.72181701660156|-73.95832824707031, 40.72214889526367|-73.95763397216797, 40.72138214111328|-73.95843505859375, 40.721683502197266|-73.95800018310547, 40.7218132019043|-73.95826721191406, 40.72173309326172|-73.9579849243164, 40.721797943115234|-73.95822143554688]
dr5rtj3^[40.72220993041992|-73.95756530761719, 40.72279357910156|-73.9582748413086, 40.722232818603516|-73.95755004882812, 40.722312927246094|-73.95752716064453, 40.72224807739258|-73.9575424194336, 40.72224044799805|-73.95756530761719, 40.72224807739258|-73.95756530761719, 40.7222785949707|-73.95750427246094, 40.722259521484375|-73.95758056640625, 40.72226333618164|-73.95746612548828, 40.722415924072266|-73.95731353759766, 40.72227096557617|-73.95755004882812]
dr5rtn9^[40.72976303100586|-73.95764923095703, 40.729888916015625|-73.95835876464844, 40.7298583984375|-73.95838165283203, 40.72980880737305|-73.95760345458984, 40.73002243041992|-73.95756530761719, 40.72964096069336|-73.95757293701172, 40.72990036010742|-73.957763671875, 40.72953796386719|-73.95752716064453, 40.72991943359375|-73.95744323730469, 40.72993850708008|-73.95780944824219, 40.7297248840332|-73.9576187133789, 40.72999572753906|-73.95742797851562, 40.73008346557617|-73.95765686035156, 40.729652404785156|-73.9575424194336, 40.72969055175781|-73.95747375488281, 40.729774475097656|-73.9576187133789, 40.72990798950195|-73.95777130126953, 40.729766845703125|-73.95822143554688]
dr5rtnj^[40.72708511352539|-73.95265197753906, 40.7269287109375|-73.9526138305664, 40.72691345214844|-73.95259094238281, 40.72724151611328|-73.95272064208984, 40.72707748413086|-73.95256042480469, 40.72703552246094|-73.95268249511719]
dr5rv1f^[40.747337341308594|-73.95681762695312, 40.7474479675293|-73.95652770996094, 40.7471809387207|-73.95620727539062, 40.74794387817383|-73.95701599121094, 40.747962951660156|-73.95704650878906, 40.74789047241211|-73.95696258544922, 40.747962951660156|-73.95704650878906]
dr5rv6q^[40.749820709228516|-73.94003295898438, 40.75032043457031|-73.94010162353516, 40.75044631958008|-73.94035339355469, 40.750274658203125|-73.93978881835938, 40.75023651123047|-73.94010162353516, 40.75029373168945|-73.94005584716797]
dr5rvc4^[40.74402618408203|-73.92410278320312, 40.74348831176758|-73.92317962646484, 40.74354934692383|-73.9230728149414, 40.74351501464844|-73.92353820800781, 40.74391174316406|-73.92313385009766, 40.74347686767578|-73.92310333251953, 40.74412536621094|-73.9241943359375, 40.74346923828125|-73.92304229736328, 40.74386215209961|-73.92313385009766]
dr5rvc5^[40.74356460571289|-73.92237091064453, 40.74350357055664|-73.92257690429688, 40.74341583251953|-73.92250061035156, 40.7434196472168|-73.9225845336914, 40.743438720703125|-73.92261505126953, 40.743194580078125|-73.92192077636719, 40.743385314941406|-73.92198181152344]
dr5rvcj^[40.74299621582031|-73.91896057128906, 40.74307632446289|-73.91957092285156, 40.74351119995117|-73.91975402832031, 40.74348831176758|-73.91943359375, 40.7430305480957|-73.91913604736328, 40.74302673339844|-73.91890716552734, 40.743385314941406|-73.91879272460938]
dr5rvg3^[40.756221771240234|-73.9242935180664, 40.75614929199219|-73.92436981201172, 40.75632095336914|-73.92449951171875, 40.756309509277344|-73.92459869384766, 40.756324768066406|-73.92456817626953, 40.75627899169922|-73.92444610595703, 40.756248474121094|-73.92436981201172, 40.75543212890625|-73.92516326904297, 40.75642013549805|-73.9245834350586, 40.75611877441406|-73.92459869384766, 40.7553596496582|-73.92524719238281]
dr5rvg7^[40.755271911621094|-73.92225646972656, 40.75520324707031|-73.9223403930664, 40.755611419677734|-73.9228744506836, 40.755367279052734|-73.92243957519531, 40.75543212890625|-73.92262268066406, 40.75556182861328|-73.9228744506836]
dr5rvgv^[40.75876235961914|-73.91921997070312, 40.75849151611328|-73.91934967041016, 40.759239196777344|-73.91946411132812, 40.759090423583984|-73.9188003540039, 40.758888244628906|-73.91915893554688, 40.75827407836914|-73.91960906982422, 40.75911331176758|-73.91911315917969, 40.75844955444336|-73.91941833496094, 40.75836944580078|-73.91947937011719, 40.758907318115234|-73.91887664794922, 40.759071350097656|-73.91885375976562, 40.759193420410156|-73.91949462890625, 40.75898742675781|-73.91901397705078, 40.75923156738281|-73.91962432861328]
dr5rvu3^[40.76173400878906|-73.92536163330078, 40.761810302734375|-73.92538452148438, 40.761775970458984|-73.92525482177734, 40.76191711425781|-73.9251937866211, 40.76197052001953|-73.92543029785156, 40.7618293762207|-73.92549133300781, 40.76200485229492|-73.92523193359375, 40.761775970458984|-73.92514038085938, 40.761600494384766|-73.9247055053711, 40.76180648803711|-73.92554473876953, 40.761741638183594|-73.92554473876953]
dr5rvu6^[40.761173248291016|-73.92378997802734, 40.76145553588867|-73.92413330078125, 40.76093673706055|-73.9230728149414, 40.761295318603516|-73.92377471923828, 40.761146545410156|-73.9237289428711, 40.761112213134766|-73.92375183105469]
dr5rvvj^[40.76572799682617|-73.9189224243164, 40.765830993652344|-73.91912078857422, 40.76570510864258|-73.91905212402344, 40.76569747924805|-73.91890716552734, 40.7657356262207|-73.91905975341797, 40.76583480834961|-73.91922760009766, 40.76570129394531|-73.9188461303711, 40.765743255615234|-73.91889190673828, 40.76571273803711|-73.91879272460938, 40.7659912109375|-73.9194107055664, 40.76597595214844|-73.91944885253906]
dr5rvvk^[40.766868591308594|-73.92122650146484, 40.76750564575195|-73.92107391357422, 40.76677322387695|-73.92109680175781, 40.766632080078125|-73.9213638305664, 40.766334533691406|-73.92023468017578, 40.766693115234375|-73.92135620117188, 40.766700744628906|-73.92131805419922]
dr5rxnx^[40.730369567871094|-73.86233520507812, 40.7303581237793|-73.86212921142578, 40.73037338256836|-73.86209106445312, 40.73019790649414|-73.86188507080078, 40.73018264770508|-73.86176300048828, 40.7302131652832|-73.86195373535156]
dr5rxth^[40.72132110595703|-73.84429931640625, 40.72132873535156|-73.84423828125, 40.72111129760742|-73.84426879882812, 40.721378326416016|-73.84431457519531, 40.72193145751953|-73.84445190429688, 40.7213249206543|-73.84434509277344, 40.72142028808594|-73.84420776367188, 40.72111511230469|-73.84406280517578, 40.721370697021484|-73.84431457519531, 40.72111892700195|-73.8437271118164, 40.72134780883789|-73.84432983398438, 40.721370697021484|-73.84429931640625, 40.721160888671875|-73.84408569335938, 40.7211799621582|-73.84403228759766, 40.72124099731445|-73.84410858154297, 40.72132110595703|-73.84432220458984, 40.72148513793945|-73.84423828125, 40.72160339355469|-73.84435272216797, 40.72116470336914|-73.8441162109375, 40.721153259277344|-73.8441390991211, 40.72140884399414|-73.8442153930664, 40.721336364746094|-73.8443374633789, 40.72138977050781|-73.84443664550781, 40.72101974487305|-73.84432220458984, 40.7209358215332|-73.84420013427734]
dr5ry33^[40.745384216308594|-73.90351104736328, 40.74531555175781|-73.90345764160156, 40.74544143676758|-73.90349578857422, 40.745452880859375|-73.90339660644531, 40.745487213134766|-73.90339660644531, 40.74546432495117|-73.90342712402344, 40.74550247192383|-73.90354919433594]
dr5ry39^[40.74623107910156|-73.90306854248047, 40.745906829833984|-73.90314483642578, 40.74567413330078|-73.90359497070312, 40.74563980102539|-73.90266418457031, 40.74588394165039|-73.90349578857422, 40.745758056640625|-73.90338897705078, 40.74569320678711|-73.90338134765625, 40.74586486816406|-73.9032974243164]
dr5ry3w^[40.74619674682617|-73.89667510986328, 40.746185302734375|-73.89640045166016, 40.74618148803711|-73.89649200439453, 40.746482849121094|-73.8961181640625, 40.7464485168457|-73.8963851928711, 40.74627685546875|-73.89614868164062, 40.74641036987305|-73.89590454101562, 40.746219635009766|-73.8967514038086, 40.74625778198242|-73.89667510986328, 40.7463493347168|-73.89632415771484, 40.746307373046875|-73.89644622802734, 40.74631881713867|-73.89663696289062]
dr5ry99^[40.74663162231445|-73.89154815673828, 40.74673843383789|-73.89157104492188, 40.74665451049805|-73.89153289794922, 40.7467041015625|-73.89147186279297, 40.7467041015625|-73.89140319824219, 40.74672317504883|-73.89250183105469, 40.74679183959961|-73.89228820800781, 40.74677276611328|-73.8924560546875, 40.746665954589844|-73.8915023803711, 40.7468147277832|-73.89131164550781, 40.74678039550781|-73.89261627197266, 40.74689865112305|-73.89159393310547, 40.74677658081055|-73.89201354980469, 40.746665954589844|-73.89148712158203]
dr5ry9c^[40.746978759765625|-73.89199829101562, 40.74702072143555|-73.8918228149414, 40.74714660644531|-73.89149475097656, 40.7470703125|-73.89224243164062, 40.74729537963867|-73.89259338378906, 40.747161865234375|-73.89148712158203]
dr5ry9d^[40.746456146240234|-73.89114379882812, 40.746551513671875|-73.89091491699219, 40.746612548828125|-73.89094543457031, 40.74690628051758|-73.8910140991211, 40.74689865112305|-73.89128112792969, 40.746429443359375|-73.89079284667969, 40.74654769897461|-73.89093017578125, 40.746517181396484|-73.89095306396484, 40.74655532836914|-73.89093780517578, 40.7464714050293|-73.89102172851562, 40.746498107910156|-73.89087677001953, 40.746551513671875|-73.89093017578125, 40.74655532836914|-73.89110565185547, 40.74614334106445|-73.89034271240234]
dr5ry9f^[40.7469367980957|-73.89103698730469, 40.74693298339844|-73.890869140625, 40.74705123901367|-73.89115905761719, 40.74705123901367|-73.8909683227539, 40.74700927734375|-73.89107513427734, 40.74725341796875|-73.8909683227539, 40.747013092041016|-73.89104461669922, 40.74692153930664|-73.89105224609375, 40.74700164794922|-73.89093017578125, 40.747093200683594|-73.89089965820312, 40.7469482421875|-73.89022827148438, 40.74700164794922|-73.89096069335938, 40.74699401855469|-73.89115905761719, 40.74701690673828|-73.89091491699219, 40.74699020385742|-73.89073181152344, 40.746925354003906|-73.8907470703125]
dr5ry9y^[40.74759292602539|-73.8844985961914, 40.74766159057617|-73.88460540771484, 40.74755859375|-73.884765625, 40.74760818481445|-73.8846664428711, 40.74750900268555|-73.88504028320312, 40.74758529663086|-73.8855209350586]
dr5ry9z^[40.74755859375|-73.88382720947266, 40.74763870239258|-73.88359832763672, 40.74766540527344|-73.88322448730469, 40.747528076171875|-73.88399505615234, 40.747615814208984|-73.88394927978516, 40.74732971191406|-73.88396453857422, 40.74760437011719|-73.8832778930664]
dr5rycb^[40.74786376953125|-73.88273620605469, 40.74763870239258|-73.88304901123047, 40.747806549072266|-73.88250732421875, 40.74799346923828|-73.88214874267578, 40.74784851074219|-73.88239288330078, 40.747676849365234|-73.88255310058594]
dr5ryfh^[40.74856948852539|-73.87663269042969, 40.748477935791016|-73.87675476074219, 40.7485237121582|-73.87635040283203, 40.74847412109375|-73.87687683105469, 40.74847412109375|-73.87662506103516, 40.74850845336914|-73.87638092041016, 40.74847412109375|-73.87683868408203, 40.7485466003418|-73.87631225585938]
dr5ryg2^[40.75572204589844|-73.8825454711914, 40.75584030151367|-73.88229370117188, 40.75648880004883|-73.8826675415039, 40.755977630615234|-73.88218688964844, 40.755897521972656|-73.8828353881836, 40.755882263183594|-73.8828353881836, 40.75590133666992|-73.8817367553711]
dr5ryhb^[40.76399230957031|-73.91485595703125, 40.76400375366211|-73.91516876220703, 40.764373779296875|-73.9157943725586, 40.76436233520508|-73.9158706665039, 40.76409912109375|-73.91546630859375, 40.76410675048828|-73.91516876220703, 40.76409912109375|-73.91486358642578, 40.76397705078125|-73.915283203125, 40.763790130615234|-73.9150619506836]
dr5ryj1^[40.765567779541016|-73.91383361816406, 40.765228271484375|-73.91395568847656, 40.765953063964844|-73.91329956054688, 40.7653923034668|-73.9138412475586, 40.764892578125|-73.91413116455078, 40.76558303833008|-73.91368103027344]
dr5rynf^[40.77507781982422|-73.91239166259766, 40.77503967285156|-73.91226196289062, 40.775184631347656|-73.91204071044922, 40.774566650390625|-73.9127426147461, 40.77518844604492|-73.91210174560547, 40.77455520629883|-73.91280364990234, 40.774513244628906|-73.91275787353516, 40.7744255065918|-73.9127197265625]
dr5rz41^[40.74916458129883|-73.86979675292969, 40.749061584472656|-73.86983489990234, 40.7490119934082|-73.87064361572266, 40.74909210205078|-73.8706283569336, 40.749122619628906|-73.86958312988281, 40.74918746948242|-73.87007904052734, 40.74920654296875|-73.86981964111328, 40.74893569946289|-73.8697509765625, 40.74885940551758|-73.86933898925781, 40.74931716918945|-73.86954498291016]
dr5rzun^[40.75947952270508|-73.83067321777344, 40.759483337402344|-73.83062744140625, 40.759498596191406|-73.8305892944336, 40.75958251953125|-73.82957458496094, 40.75956344604492|-73.8304443359375, 40.76041793823242|-73.8304214477539, 40.759559631347656|-73.82975006103516, 40.75944900512695|-73.83035278320312, 40.75956344604492|-73.83038330078125, 40.75969314575195|-73.83025360107422, 40.759437561035156|-73.83036041259766]
dr5x83q^[40.70050811767578|-73.8077392578125, 40.70037078857422|-73.80763244628906, 40.70103073120117|-73.80754089355469, 40.70024871826172|-73.80850982666016, 40.70032501220703|-73.8076400756836, 40.70048522949219|-73.80790710449219, 40.70051574707031|-73.80754852294922]
dr72j2u^[40.7866325378418|-73.94219970703125, 40.786285400390625|-73.94244384765625, 40.78666687011719|-73.942138671875, 40.786476135253906|-73.94247436523438, 40.78652572631836|-73.94239807128906, 40.786468505859375|-73.94236755371094, 40.78645706176758|-73.9424057006836, 40.78642654418945|-73.94230651855469]
dr72j3j^[40.78709030151367|-73.94198608398438, 40.787376403808594|-73.9417495727539, 40.78675842285156|-73.94200134277344, 40.78704833984375|-73.94198608398438, 40.78681945800781|-73.94197082519531, 40.788055419921875|-73.94121551513672]
dr72j5v^[40.80304718017578|-73.95255279541016, 40.80318069458008|-73.9524917602539, 40.80299377441406|-73.95260620117188, 40.802833557128906|-73.9526138305664, 40.80294418334961|-73.95179748535156, 40.80317687988281|-73.95270538330078, 40.80299377441406|-73.95258331298828]
dr72j5z^[40.80216598510742|-73.94944763183594, 40.80223846435547|-73.94966888427734, 40.80191421508789|-73.94932556152344, 40.80198287963867|-73.94951629638672, 40.802146911621094|-73.94949340820312, 40.80228805541992|-73.94986724853516, 40.80213165283203|-73.94967651367188, 40.80220413208008|-73.94949340820312, 40.802032470703125|-73.94964599609375, 40.802223205566406|-73.94969177246094]
dr72jh5^[40.80452346801758|-73.95521545410156, 40.80440139770508|-73.95540618896484, 40.804256439208984|-73.95527648925781, 40.80437469482422|-73.95526123046875, 40.80384826660156|-73.95574951171875, 40.8040885925293|-73.95555877685547, 40.80430221557617|-73.9555892944336, 40.804542541503906|-73.95520782470703, 40.804386138916016|-73.95547485351562]
dr72jhj^[40.80335235595703|-73.95227813720703, 40.80350112915039|-73.95242309570312, 40.80353546142578|-73.95222473144531, 40.803409576416016|-73.9522476196289, 40.80347442626953|-73.95250701904297, 40.803462982177734|-73.95248413085938, 40.80349349975586|-73.9525146484375, 40.80340576171875|-73.95246887207031, 40.80379104614258|-73.9520492553711]
dr72jhs^[40.80645751953125|-73.95394134521484, 40.80606460571289|-73.95417785644531, 40.806396484375|-73.9540023803711, 40.80686569213867|-73.9534683227539, 40.80622482299805|-73.95406341552734, 40.80673599243164|-73.95358276367188, 40.806480407714844|-73.95377349853516]
dr72jj3^[40.81083297729492|-73.95821380615234, 40.8108024597168|-73.95825958251953, 40.810691833496094|-73.95829772949219, 40.81120300292969|-73.95780181884766, 40.810523986816406|-73.95829010009766, 40.81092071533203|-73.95783233642578]
dr72jkf^[40.80795669555664|-73.94525909423828, 40.80834197998047|-73.94502258300781, 40.80857467651367|-73.94503021240234, 40.808021545410156|-73.94584655761719, 40.80858612060547|-73.94496154785156, 40.80827331542969|-73.94498443603516, 40.80805206298828|-73.94512176513672, 40.80824279785156|-73.9452896118164, 40.80815887451172|-73.94512176513672, 40.80855941772461|-73.94517517089844, 40.807891845703125|-73.94525146484375]
dr72jkq^[40.80585479736328|-73.9405517578125, 40.805213928222656|-73.93951416015625, 40.80525588989258|-73.93946075439453, 40.80550003051758|-73.93999481201172, 40.8055419921875|-73.93999481201172, 40.8055534362793|-73.94001007080078]
dr72jkr^[40.80525588989258|-73.93898010253906, 40.80501174926758|-73.93917083740234, 40.80500411987305|-73.93877410888672, 40.805076599121094|-73.93907928466797, 40.805503845214844|-73.93912506103516, 40.80497360229492|-73.93917083740234, 40.804691314697266|-73.93816375732422, 40.805118560791016|-73.93907928466797]
dr72jn1^[40.81547164916992|-73.95816040039062, 40.81528854370117|-73.95801544189453, 40.815406799316406|-73.95800018310547, 40.814632415771484|-73.9574203491211, 40.8147087097168|-73.9573974609375, 40.81528854370117|-73.95803833007812, 40.8153076171875|-73.9580307006836, 40.815269470214844|-73.9578628540039]
