dr5rkjz^[40.681739807128906|-73.99374389648438, 40.681522369384766|-73.99398803710938, 40.68233871459961|-73.99345397949219, 40.68171691894531|-73.99385070800781, 40.68181610107422|-73.99381256103516, 40.68223571777344|-73.99336242675781]
dr5rknp^[40.68271255493164|-73.99332427978516, 40.68238067626953|-73.99342346191406, 40.68288803100586|-73.99309539794922, 40.68239974975586|-73.99342346191406, 40.68282699584961|-73.99313354492188, 40.682674407958984|-73.99321746826172]
dr5rksc^[40.67660140991211|-73.98033905029297, 40.67667007446289|-73.98026275634766, 40.67630386352539|-73.98051452636719, 40.67619323730469|-73.97998046875, 40.67654037475586|-73.9803466796875, 40.676475524902344|-73.98041534423828, 40.67683029174805|-73.98014831542969]
dr5rkw5^[40.68354797363281|-73.97716522216797, 40.68277359008789|-73.97664642333984, 40.68282699584961|-73.97648620605469, 40.6829833984375|-73.97650146484375, 40.68310546875|-73.97679138183594, 40.68300247192383|-73.97674560546875, 40.68286895751953|-73.97676086425781, 40.68284606933594|-73.97657775878906, 40.68257141113281|-73.97755432128906]
dr5rkyh^[40.68285369873047|-73.96472930908203, 40.683048248291016|-73.9645767211914, 40.68307876586914|-73.96495819091797, 40.683006286621094|-73.96455383300781, 40.6832275390625|-73.96482849121094, 40.682769775390625|-73.9646987915039, 40.68312454223633|-73.96495056152344, 40.6831169128418|-73.96495819091797, 40.683135986328125|-73.9649887084961, 40.68309020996094|-73.96504974365234, 40.68294906616211|-73.96472930908203]
dr5rs1x^[40.702816009521484|-73.99406433105469, 40.7027587890625|-73.99405670166016, 40.70273971557617|-73.99385833740234, 40.702842712402344|-73.994140625, 40.70238494873047|-73.99325561523438, 40.70265197753906|-73.9936752319336, 40.70247268676758|-73.99299621582031, 40.70256805419922|-73.99346923828125]
dr5rs31^[40.699832916259766|-73.99087524414062, 40.699790954589844|-73.99061584472656, 40.69979476928711|-73.99085998535156, 40.69982147216797|-73.99087524414062, 40.69997024536133|-73.99067687988281, 40.69984436035156|-73.99039459228516, 40.69982147216797|-73.99072265625, 40.69974136352539|-73.9906997680664, 40.69991683959961|-73.99114227294922, 40.6998291015625|-73.9904556274414, 40.69978332519531|-73.99053192138672, 40.69978713989258|-73.99114227294922, 40.69942855834961|-73.99127197265625, 40.69974899291992|-73.99037170410156, 40.69972229003906|-73.99116516113281]
dr5rsgj^[40.71048355102539|-73.96373748779297, 40.71033477783203|-73.96322631835938, 40.710227966308594|-73.9637680053711, 40.710426330566406|-73.96369934082031, 40.7103271484375|-73.96357727050781, 40.710838317871094|-73.96349334716797, 40.7103385925293|-73.96334838867188, 40.710418701171875|-73.9635238647461, 40.711151123046875|-73.96336364746094, 40.710716247558594|-73.96366119384766, 40.70992660522461|-73.96284484863281, 40.71003723144531|-73.96284484863281, 40.71015167236328|-73.96387481689453]
dr5rsup^[40.71562957763672|-73.96004486083984, 40.715576171875|-73.96096801757812, 40.7154426574707|-73.95999908447266, 40.71559143066406|-73.9601821899414, 40.715606689453125|-73.96116638183594, 40.71565628051758|-73.96007537841797]
dr5rt5y^[40.71498107910156|-73.95170593261719, 40.71484375|-73.95164489746094, 40.71509552001953|-73.95162200927734, 40.71512985229492|-73.95154571533203, 40.71426010131836|-73.9516372680664, 40.71455383300781|-73.95169067382812, 40.71463394165039|-73.95169830322266, 40.714698791503906|-73.95171356201172]
dr5rt7g^[40.71458435058594|-73.9445571899414, 40.71444320678711|-73.94434356689453, 40.714534759521484|-73.944091796875, 40.71451187133789|-73.9443130493164, 40.71440505981445|-73.94435119628906, 40.71432113647461|-73.94435119628906, 40.71424102783203|-73.94434356689453, 40.71413803100586|-73.94429016113281]
dr5rth3^[40.717586517333984|-73.9579849243164, 40.71787643432617|-73.95761108398438, 40.71782684326172|-73.95762634277344, 40.71795654296875|-73.9575424194336, 40.717403411865234|-73.95819091796875, 40.71760559082031|-73.95795440673828, 40.717742919921875|-73.95780944824219, 40.71773910522461|-73.95772552490234, 40.71802520751953|-73.95759582519531, 40.717735290527344|-73.95781707763672, 40.71793746948242|-73.95758819580078, 40.71720504760742|-73.95845031738281]
dr5rtj1^[40.721866607666016|-73.9579086303711, 40.72179412841797|-73.95822143554688, 40.72140884399414|-73.95842742919922, 40.72152328491211|-73.9582748413086, 40.72190856933594|-73.9578857421875, 40.7219352722168|-73.95783996582031, 40.721641540527344|-73.95817565917969, 40.72183609008789|-73.95787811279297, 40.721923828125|-73.95785522460938, 40.7214469909668|-73.9583511352539, 40.721656799316406|-73.95806884765625, 40.721988677978516|-73.95755767822266, 40.721946716308594|-73.95780944824219, 40.721893310546875|-73.95790100097656, 40.7221794128418|-73.95764923095703, 40.72200012207031|-73.95774841308594, 40.72199630737305|-73.95780181884766, 40.721832275390625|-73.95800018310547, 40.72216033935547|-73.95765686035156, 40.72176742553711|-73.9581069946289, 40.72181701660156|-73.95832824707031, 40.72214889526367|-73.95763397216797, 40.72138214111328|-73.95843505859375, 40.721683502197266|-73.95800018310547, 40.7218132019043|-73.95826721191406, 40.72173309326172|-73.9579849243164, 40.721797943115234|-73.95822143554688]
dr5rtn9^[40.72976303100586|-73.95764923095703, 40.729888916015625|-73.95835876464844, 40.7298583984375|-73.95838165283203, 40.72980880737305|-73.95760345458984, 40.73002243041992|-73.95756530761719, 40.72964096069336|-73.95757293701172, 40.72990036010742|-73.957763671875, 40.72953796386719|-73.95752716064453, 40.72991943359375|-73.95744323730469, 40.72993850708008|-73.95780944824219, 40.7297248840332|-73.9576187133789, 40.72999572753906|-73.95742797851562, 40.73008346557617|-73.95765686035156, 40.729652404785156|-73.9575424194336, 40.72969055175781|-73.95747375488281, 40.729774475097656|-73.9576187133789, 40.72990798950195|-73.95777130126953, 40.729766845703125|-73.95822143554688]
dr5rv1f^[40.747337341308594|-73.95681762695312, 40.7474479675293|-73.95652770996094, 40.7471809387207|-73.95620727539062, 40.74794387817383|-73.95701599121094, 40.747962951660156|-73.95704650878906, 40.74789047241211|-73.95696258544922, 40.747962951660156|-73.95704650878906]
dr5rv6q^[40.749820709228516|-73.94003295898438, 40.75032043457031|-73.94010162353516, 40.75044631958008|-73.94035339355469, 40.750274658203125|-73.93978881835938, 40.75023651123047|-73.94010162353516, 40.75029373168945|-73.94005584716797]
dr5rvc4^[40.74402618408203|-73.92410278320312, 40.74348831176758|-73.92317962646484, 40.74354934692383|-73.9230728149414, 40.74351501464844|-73.92353820800781, 40.74391174316406|-73.92313385009766, 40.74347686767578|-73.92310333251953, 40.74412536621094|-73.9241943359375, 40.74346923828125|-73.92304229736328, 40.74386215209961|-73.92313385009766]
dr5rvgv^[40.75876235961914|-73.91921997070312, 40.75849151611328|-73.91934967041016, 40.759239196777344|-73.91946411132812, 40.759090423583984|-73.9188003540039, 40.758888244628906|-73.91915893554688, 40.75827407836914|-73.91960906982422, 40.75911331176758|-73.91911315917969, 40.75844955444336|-73.91941833496094, 40.75836944580078|-73.91947937011719, 40.758907318115234|-73.91887664794922, 40.759071350097656|-73.91885375976562, 40.759193420410156|-73.91949462890625, 40.75898742675781|-73.91901397705078, 40.75923156738281|-73.91962432861328]
dr5rvu3^[40.76173400878906|-73.92536163330078, 40.761810302734375|-73.92538452148438, 40.761775970458984|-73.92525482177734, 40.76191711425781|-73.9251937866211, 40.76197052001953|-73.92543029785156, 40.7618293762207|-73.92549133300781, 40.76200485229492|-73.92523193359375, 40.761775970458984|-73.92514038085938, 40.761600494384766|-73.9247055053711, 40.76180648803711|-73.92554473876953, 40.761741638183594|-73.92554473876953]
dr5rxnx^[40.730369567871094|-73.86233520507812, 40.7303581237793|-73.86212921142578, 40.73037338256836|-73.86209106445312, 40.73019790649414|-73.86188507080078, 40.73018264770508|-73.86176300048828, 40.7302131652832|-73.86195373535156]
dr5rxth^[40.72132110595703|-73.84429931640625, 40.72132873535156|-73.84423828125, 40.72111129760742|-73.84426879882812, 40.721378326416016|-73.84431457519531, 40.72193145751953|-73.84445190429688, 40.7213249206543|-73.84434509277344, 40.72142028808594|-73.84420776367188, 40.72111511230469|-73.84406280517578, 40.721370697021484|-73.84431457519531, 40.72111892700195|-73.8437271118164, 40.72134780883789|-73.84432983398438, 40.721370697021484|-73.84429931640625, 40.721160888671875|-73.84408569335938, 40.7211799621582|-73.84403228759766, 40.72124099731445|-73.84410858154297, 40.72132110595703|-73.84432220458984, 40.72148513793945|-73.84423828125, 40.72160339355469|-73.84435272216797, 40.72116470336914|-73.8441162109375, 40.721153259277344|-73.8441390991211, 40.72140884399414|-73.8442153930664, 40.721336364746094|-73.8443374633789, 40.72138977050781|-73.84443664550781, 40.72101974487305|-73.84432220458984, 40.7209358215332|-73.84420013427734]
dr5ry3w^[40.74619674682617|-73.89667510986328, 40.746185302734375|-73.89640045166016, 40.74618148803711|-73.89649200439453, 40.746482849121094|-73.8961181640625, 40.7464485168457|-73.8963851928711, 40.74627685546875|-73.89614868164062, 40.74641036987305|-73.89590454101562, 40.746219635009766|-73.8967514038086, 40.74625778198242|-73.89667510986328, 40.7463493347168|-73.89632415771484, 40.746307373046875|-73.89644622802734, 40.74631881713867|-73.89663696289062]
dr5ry9f^[40.7469367980957|-73.89103698730469, 40.74693298339844|-73.890869140625, 40.74705123901367|-73.89115905761719, 40.74705123901367|-73.8909683227539, 40.74700927734375|-73.89107513427734, 40.74725341796875|-73.8909683227539, 40.747013092041016|-73.89104461669922, 40.74692153930664|-73.89105224609375, 40.74700164794922|-73.89093017578125, 40.747093200683594|-73.89089965820312, 40.7469482421875|-73.89022827148438, 40.74700164794922|-73.89096069335938, 40.74699401855469|-73.89115905761719, 40.74701690673828|-73.89091491699219, 40.74699020385742|-73.89073181152344, 40.746925354003906|-73.8907470703125]
dr5rycb^[40.74786376953125|-73.88273620605469, 40.74763870239258|-73.88304901123047, 40.747806549072266|-73.88250732421875, 40.74799346923828|-73.88214874267578, 40.74784851074219|-73.88239288330078, 40.747676849365234|-73.88255310058594]
dr5ryfh^[40.74856948852539|-73.87663269042969, 40.748477935791016|-73.87675476074219, 40.7485237121582|-73.87635040283203, 40.74847412109375|-73.87687683105469, 40.74847412109375|-73.87662506103516, 40.74850845336914|-73.87638092041016, 40.74847412109375|-73.87683868408203, 40.7485466003418|-73.87631225585938]
dr5ryg2^[40.75572204589844|-73.8825454711914, 40.75584030151367|-73.88229370117188, 40.75648880004883|-73.8826675415039, 40.755977630615234|-73.88218688964844, 40.755897521972656|-73.8828353881836, 40.755882263183594|-73.8828353881836, 40.75590133666992|-73.8817367553711]
dr5ryhb^[40.76399230957031|-73.91485595703125, 40.76400375366211|-73.91516876220703, 40.764373779296875|-73.9157943725586, 40.76436233520508|-73.9158706665039, 40.76409912109375|-73.91546630859375, 40.76410675048828|-73.91516876220703, 40.76409912109375|-73.91486358642578, 40.76397705078125|-73.915283203125, 40.763790130615234|-73.9150619506836]
dr5ryj1^[40.765567779541016|-73.91383361816406, 40.765228271484375|-73.91395568847656, 40.765953063964844|-73.91329956054688, 40.7653923034668|-73.9138412475586, 40.764892578125|-73.91413116455078, 40.76558303833008|-73.91368103027344]
dr5rynf^[40.77507781982422|-73.91239166259766, 40.77503967285156|-73.91226196289062, 40.775184631347656|-73.91204071044922, 40.774566650390625|-73.9127426147461, 40.77518844604492|-73.91210174560547, 40.77455520629883|-73.91280364990234, 40.774513244628906|-73.91275787353516, 40.7744255065918|-73.9127197265625]
dr5rz41^[40.74916458129883|-73.86979675292969, 40.749061584472656|-73.86983489990234, 40.7490119934082|-73.87064361572266, 40.74909210205078|-73.8706283569336, 40.749122619628906|-73.86958312988281, 40.74918746948242|-73.87007904052734, 40.74920654296875|-73.86981964111328, 40.74893569946289|-73.8697509765625, 40.74885940551758|-73.86933898925781, 40.74931716918945|-73.86954498291016]
dr5rzun^[40.75947952270508|-73.83067321777344, 40.759483337402344|-73.83062744140625, 40.759498596191406|-73.8305892944336, 40.75958251953125|-73.82957458496094, 40.75956344604492|-73.8304443359375, 40.76041793823242|-73.8304214477539, 40.759559631347656|-73.82975006103516, 40.75944900512695|-73.83035278320312, 40.75956344604492|-73.83038330078125, 40.75969314575195|-73.83025360107422, 40.759437561035156|-73.83036041259766]
dr5x83q^[40.70050811767578|-73.8077392578125, 40.70037078857422|-73.80763244628906, 40.70103073120117|-73.80754089355469, 40.70024871826172|-73.80850982666016, 40.70032501220703|-73.8076400756836, 40.70048522949219|-73.80790710449219, 40.70051574707031|-73.80754852294922]
dr72j2u^[40.7866325378418|-73.94219970703125, 40.786285400390625|-73.94244384765625, 40.78666687011719|-73.942138671875, 40.786476135253906|-73.94247436523438, 40.78652572631836|-73.94239807128906, 40.786468505859375|-73.94236755371094, 40.78645706176758|-73.9424057006836, 40.78642654418945|-73.94230651855469]
dr72j3j^[40.78709030151367|-73.94198608398438, 40.787376403808594|-73.9417495727539, 40.78675842285156|-73.94200134277344, 40.78704833984375|-73.94198608398438, 40.78681945800781|-73.94197082519531, 40.788055419921875|-73.94121551513672]
dr72j5z^[40.80216598510742|-73.94944763183594, 40.80223846435547|-73.94966888427734, 40.80191421508789|-73.94932556152344, 40.80198287963867|-73.94951629638672, 40.802146911621094|-73.94949340820312, 40.80228805541992|-73.94986724853516, 40.80213165283203|-73.94967651367188, 40.80220413208008|-73.94949340820312, 40.802032470703125|-73.94964599609375, 40.802223205566406|-73.94969177246094]
dr72jh5^[40.80452346801758|-73.95521545410156, 40.80440139770508|-73.95540618896484, 40.804256439208984|-73.95527648925781, 40.80437469482422|-73.95526123046875, 40.80384826660156|-73.95574951171875, 40.8040885925293|-73.95555877685547, 40.80430221557617|-73.9555892944336, 40.804542541503906|-73.95520782470703, 40.804386138916016|-73.95547485351562]
dr72jhs^[40.80645751953125|-73.95394134521484, 40.80606460571289|-73.95417785644531, 40.806396484375|-73.9540023803711, 40.80686569213867|-73.9534683227539, 40.80622482299805|-73.95406341552734, 40.80673599243164|-73.95358276367188, 40.806480407714844|-73.95377349853516]
dr72jj3^[40.81083297729492|-73.95821380615234, 40.8108024597168|-73.95825958251953, 40.810691833496094|-73.95829772949219, 40.81120300292969|-73.95780181884766, 40.810523986816406|-73.95829010009766, 40.81092071533203|-73.95783233642578]
dr72jkf^[40.80795669555664|-73.94525909423828, 40.80834197998047|-73.94502258300781, 40.80857467651367|-73.94503021240234, 40.808021545410156|-73.94584655761719, 40.80858612060547|-73.94496154785156, 40.80827331542969|-73.94498443603516, 40.80805206298828|-73.94512176513672, 40.80824279785156|-73.9452896118164, 40.80815887451172|-73.94512176513672, 40.80855941772461|-73.94517517089844, 40.807891845703125|-73.94525146484375]
dr72jn1^[40.81547164916992|-73.95816040039062, 40.81528854370117|-73.95801544189453, 40.815406799316406|-73.95800018310547, 40.814632415771484|-73.9574203491211, 40.8147087097168|-73.9573974609375, 40.81528854370117|-73.95803833007812, 40.8153076171875|-73.9580307006836, 40.815269470214844|-73.9578628540039]
